 182 191 197 192 190 192 184 185 178 177 173 173 171 168 167 151
 199 207 210 213 213 214 212 205 197 191 190 193 193 191 187 168
 176 190 191 193 197 198 197 191 185 181 180 180 184 182 176 160
 103 110 111 113 115 118 114 111 110 107 106 103 103 101 101  93
  73  75  79  80  78  80  77  73  72  70  68  63  62  65  62  56
  78  83  85  87  84  80  79  76  75  74  70  68  68  64  57  54
 155 169 172 168 170 166 165 164 160 157 156 153 151 146 141 129
 190 206 205 209 209 208 206 203 197 194 191 190 190 188 175 158
 202 217 219 218 219 219 218 217 213 209 204 200 198 199 186 169
 202 219 221 221 221 218 217 217 216 213 210 205 202 200 190 170
 208 217 202 175 178 168 181 176 169 187 171 168 167 192 192 171
 204 209 171 120 128 126 159 128 109 148 121 111 121 183 191 170
 199 207 163 108 114 104 142 104  88 127 104  84 103 180 192 171
 199 206 164 107 113 100 140  89  83 106  96  78 106 184 196 176
 197 200 151 104 114  92 113  87  94  98  98  96 114 182 195 174
 187 193 160 148 156 140 142 140 144 136 142 149 151 179 181 160
 181 184 184 186 184 184 181 176 174 171 169 169 172 168 165 152
 193 199 198 199 198 201 198 194 190 188 186 186 187 185 181 167
 175 184 183 185 189 187 191 190 184 180 179 176 180 181 177 163
 102 104 107 110 113 112 112 109 110 108 107 104 104 103 102  94
  70  74  77  75  75  77  75  73  72  69  69  65  65  65  62  57
  73  76  77  77  76  75  75  73  70  69  68  66  62  61  56  53
 149 159 161 161 161 158 157 158 156 151 151 148 147 147 143 130
 183 191 194 195 196 195 194 192 190 187 184 183 180 181 179 160
 192 198 201 202 203 201 202 200 199 197 194 192 189 187 185 166
 193 198 202 202 202 203 203 201 202 198 194 195 190 188 186 167
 191 196 178 162 167 157 176 166 160 182 161 165 158 183 184 167
 192 193 150 113 118 111 149 112 102 150 111 105 113 178 184 167
 193 191 144  97 107  99 139  92  83 127  96  75 101 175 185 167
 189 190 147  93 106  94 135  83  79 106  88  68  97 172 183 167
 187 187 130  93 108  87 108  80  86  95  88  82  98 176 184 168
 183 180 146 140 143 124 128 131 139 132 134 140 143 176 182 163
 172 178 182 179 177 177 175 175 175 173 170 170 170 168 166 152
 183 191 194 195 193 192 191 190 190 188 187 187 187 186 182 167
 162 171 175 177 180 180 181 179 178 176 174 175 178 178 173 160
  97 102 103 107 108 108 110 108 110 107 104 102 103 102 101  93
  71  74  77  76  75  77  75  73  72  69  69  66  65  65  62  57
  74  80  80  79  78  77  77  75  74  75  71  68  66  64  58  55
 149 156 158 156 156 159 156 155 154 151 151 149 148 146 142 129
 174 184 187 188 189 191 190 188 189 186 182 181 183 180 174 157
 183 192 196 195 196 196 198 195 196 195 192 190 189 188 182 166
 183 192 196 195 195 196 197 194 195 195 191 191 188 188 183 166
 184 189 172 156 162 154 167 158 154 175 157 161 157 182 183 166
 183 185 148 109 114 111 144 112 100 137 106 103 112 171 182 164
 183 181 139  94 104  96 132  93  83 119  90  75  99 170 180 162
 182 179 139  91  99  90 127  84  80 104  87  68  95 168 179 162
 178 176 129  92 104  84 103  78  83  91  89  83  97 165 176 162
 171 167 139 134 136 119 122 123 131 124 129 134 139 163 168 152

 151 168 160  93  56  54 129 158 169 170 171 170 171 176 174 160
 167 187 176 101  62  57 141 175 186 190 192 191 192 196 195 181
 168 191 182 101  65  64 146 188 199 200 192 183 180 184 182 179
 171 193 184 103  62  68 151 190 198 202 167 121 103 106 114 151
 173 193 180 103  63  68 153 190 200 205 168 111  84  78  96 149
 173 190 180 106  68  70 156 191 204 210 171 121 104  96  98 142
 177 191 181 107  70  74 157 194 209 213 187 148 127 106  98 136
 178 197 185 110  72  75 160 197 213 216 169 109  88  83  94 144
 185 205 191 111  73  76 164 203 217 217 176 128 104  89  87 140
 184 212 197 114  77  79 165 206 218 217 181 159 142 140 113 142
 192 214 198 118  80  80 166 208 219 218 168 126 104 100  92 140
 190 213 197 115  78  84 170 209 219 221 178 128 114 113 114 156
 192 213 193 113  80  87 168 209 218 221 175 120 108 107 104 148
 197 210 191 111  79  85 172 205 219 221 202 171 163 164 151 160
 191 207 190 110  75  83 169 206 217 219 217 209 207 206 200 193
 182 199 176 103  73  78 155 190 202 202 208 204 199 199 197 187
 152 167 163  94  57  53 130 160 166 167 167 167 167 167 168 163
 165 181 177 102  62  56 143 179 185 186 184 184 185 183 184 182
 168 185 181 103  65  61 147 181 187 188 183 178 175 172 176 176
 172 187 180 104  65  62 147 180 189 190 158 113 101  97  98 143
 169 186 176 104  65  66 148 183 192 195 165 105  75  68  82 140
 169 186 179 107  69  68 151 184 194 194 161 111  96  88  88 134
 171 188 180 108  69  69 151 187 197 198 182 150 127 106  95 132
 174 190 184 110  72  70 156 190 199 202 160 102  83  79  86 139
 176 194 190 109  73  73 158 192 200 201 166 112  92  83  80 131
 181 198 191 112  75  75 157 194 202 203 176 149 139 135 108 128
 184 201 187 112  77  75 158 195 201 203 157 111  99  94  87 124
 184 198 189 113  75  76 161 196 203 202 167 118 107 106 108 143
 186 199 185 110  75  77 161 195 202 202 162 113  97  93  93 140
 184 198 183 107  77  77 161 194 201 202 178 150 144 147 130 146
 184 199 184 104  74  76 159 191 198 198 196 193 191 190 187 180
 181 193 175 102  70  73 149 183 192 193 191 192 193 189 187 183
 152 167 160  93  57  55 129 157 166 166 166 164 162 162 162 152
 166 182 173 101  62  58 142 174 182 183 183 182 180 179 176 168
 168 186 178 102  65  64 146 180 188 188 182 171 170 168 165 163
 170 187 178 103  65  66 148 183 189 188 157 112  99  95  97 139
 170 187 175 102  66  68 149 181 190 191 161 103  75  68  83 134
 170 187 174 104  69  71 151 182 192 191 157 106  90  87  89 129
 173 188 176 107  69  75 151 186 195 195 175 137 119 104  91 124
 175 190 178 110  72  74 154 189 196 195 154 100  83  80  83 131
 175 190 179 108  73  75 155 188 195 194 158 112  93  84  78 123
 175 191 181 110  75  77 156 190 198 197 167 144 132 127 103 122
 177 192 180 108  77  77 159 191 196 196 154 111  96  90  84 119
 177 193 180 108  75  78 156 189 196 195 162 114 104  99 104 136
 179 195 177 107  76  79 156 188 195 195 156 109  94  91  92 134
 182 194 175 103  77  80 158 187 196 196 172 148 139 139 129 139
 178 191 171 102  74  80 156 184 192 192 189 185 181 179 176 167
 172 183 162  97  71  74 149 174 183 183 184 183 183 182 178 171

 160 181 179 151 149 142 136 144 140 142 140 156 148 160 193 187
 174 195 182 114  96  98  98  94  87 113  92 114 104 151 200 197
 176 196 184 106  78  96 106  83  89 140 100 113 107 164 206 199
 171 192 180 103  84 104 127  88 104 142 104 114 108 163 207 199
 170 191 183 121 111 121 148 109 128 159 126 128 120 171 209 204
 171 192 192 167 168 171 187 169 176 181 168 178 175 202 217 208
 170 190 200 202 205 210 213 216 217 217 218 221 221 221 219 202
 169 186 199 198 200 204 209 213 217 218 219 219 218 219 217 202
 158 175 188 190 190 191 194 197 203 206 208 209 209 205 206 190
 129 141 146 151 153 156 157 160 164 165 166 170 168 172 169 155
  54  57  64  68  68  70  74  75  76  79  80  84  87  85  83  78
  56  62  65  62  63  68  70  72  73  77  80  78  80  79  75  73
  93 101 101 103 103 106 107 110 111 114 118 115 113 111 110 103
 160 176 182 184 180 180 181 185 191 197 198 197 193 191 190 176
 168 187 191 193 193 190 191 197 205 212 214 213 213 210 207 199
 151 167 168 171 173 173 177 178 185 184 192 190 192 197 191 182
 163 182 176 143 140 134 132 139 131 128 124 143 140 146 180 183
 168 184 176  98  82  88  95  86  80 108  87 108  93 130 187 187
 167 183 172  97  68  88 106  79  83 135  94 106  93 147 190 189
 167 185 175 101  75  96 127  83  92 139  99 107  97 144 191 193
 167 184 178 113 105 111 150 102 112 149 111 118 113 150 193 192
 167 184 183 158 165 161 182 160 166 176 157 167 162 178 196 191
 167 186 188 190 195 194 198 202 201 203 203 202 202 202 198 193
 166 185 187 189 192 194 197 199 200 202 201 203 202 201 198 192
 160 179 181 180 183 184 187 190 192 194 195 196 195 194 191 183
 130 143 147 147 148 151 151 156 158 157 158 161 161 161 159 149
  53  56  61  62  66  68  69  70  73  75  75  76  77  77  76  73
  57  62  65  65  65  69  69  72  73  75  77  75  75  77  74  70
  94 102 103 104 104 107 108 110 109 112 112 113 110 107 104 102
 163 177 181 180 176 179 180 184 190 191 187 189 185 183 184 175
 167 181 185 187 186 186 188 190 194 198 201 198 199 198 199 193
 152 165 168 172 169 169 171 174 176 181 184 184 186 184 184 181
 152 168 163 139 134 129 124 131 123 122 119 136 134 139 167 171
 162 176 165  97  83  89  91  83  78 103  84 104  92 129 176 178
 162 179 168  95  68  87 104  80  84 127  90  99  91 139 179 182
 162 180 170  99  75  90 119  83  93 132  96 104  94 139 181 183
 164 182 171 112 103 106 137 100 112 144 111 114 109 148 185 183
 166 183 182 157 161 157 175 154 158 167 154 162 156 172 189 184
 166 183 188 188 191 191 195 195 194 197 196 195 195 196 192 183
 166 182 188 189 190 192 195 196 195 198 196 196 195 196 192 183
 157 174 180 183 181 182 186 189 188 190 191 189 188 187 184 174
 129 142 146 148 149 151 151 154 155 156 159 156 156 158 156 149
  55  58  64  66  68  71  75  74  75  77  77  78  79  80  80  74
  57  62  65  65  66  69  69  72  73  75  77  75  76  77  74  71
  93 101 102 103 102 104 107 110 108 110 108 108 107 103 102  97
 160 173 178 178 175 174 176 178 179 181 180 180 177 175 171 162
 167 182 186 187 187 187 188 190 190 191 192 193 195 194 191 183
 152 166 168 170 170 170 173 175 175 175 177 177 179 182 178 172

 187 197 199 199 204 208 202 202 190 155  78  73 103 176 199 182
 193 200 206 207 209 217 219 217 206 169  83  75 110 190 207 191
 160 151 164 163 171 202 221 219 205 172  85  79 111 191 210 197
 148 104 107 108 120 175 221 218 209 168  87  80 113 193 213 192
 156 114 113 114 128 178 221 219 209 170  84  78 115 197 213 190
 140  92 100 104 126 168 218 219 208 166  80  80 118 198 214 192
 142 113 140 142 159 181 217 218 206 165  79  77 114 197 212 184
 140  87  89 104 128 176 217 217 203 164  76  73 111 191 205 185
 144  94  83  88 109 169 216 213 197 160  75  72 110 185 197 178
 136  98 106 127 148 187 213 209 194 157  74  70 107 181 191 177
 142  98  96 104 121 171 210 204 191 156  70  68 106 180 190 173
 149  96  78  84 111 168 205 200 190 153  68  63 103 180 193 173
 151 114 106 103 121 167 202 198 190 151  68  62 103 184 193 171
 179 182 184 180 183 192 200 199 188 146  64  65 101 182 191 168
 181 195 196 192 191 192 190 186 175 141  57  62 101 176 187 167
 160 174 176 171 170 171 170 169 158 129  54  56  93 160 168 151
 183 187 189 193 192 191 193 192 183 149  73  70 102 175 193 181
 180 187 190 191 193 196 198 198 191 159  76  74 104 184 199 184
 146 130 147 144 150 178 202 201 194 161  77  77 107 183 198 184
 140  93  93  97 113 162 202 202 195 161  77  75 110 185 199 186
 143 108 106 107 118 167 202 203 196 161  76  75 113 189 198 184
 124  87  94  99 111 157 203 201 195 158  75  77 112 187 201 184
 128 108 135 139 149 176 203 202 194 157  75  75 112 191 198 181
 131  80  83  92 112 166 201 200 192 158  73  73 109 190 194 176
 139  86  79  83 102 160 202 199 190 156  70  72 110 184 190 174
 132  95 106 127 150 182 198 197 187 151  69  69 108 180 188 171
 134  88  88  96 111 161 194 194 184 151  68  69 107 179 186 169
 140  82  68  75 105 165 195 192 183 148  66  65 104 176 186 169
 143  98  97 101 113 158 190 189 180 147  62  65 104 180 187 172
 176 176 172 175 178 183 188 187 181 147  61  65 103 181 185 168
 182 184 183 185 184 184 186 185 179 143  56  62 102 177 181 165
 163 168 167 167 167 167 167 166 160 130  53  57  94 163 167 152
 171 178 182 183 183 184 183 183 174 149  74  71  97 162 183 172
 167 176 179 181 185 189 192 192 184 156  80  74 102 171 191 178
 139 129 139 139 148 172 196 196 187 158  80  77 103 175 194 182
 134  92  91  94 109 156 195 195 188 156  79  76 107 177 195 179
 136 104  99 104 114 162 195 196 189 156  78  75 108 180 193 177
 119  84  90  96 111 154 196 196 191 159  77  77 108 180 192 177
 122 103 127 132 144 167 197 198 190 156  77  75 110 181 191 175
 123  78  84  93 112 158 194 195 188 155  75  73 108 179 190 175
 131  83  80  83 100 154 195 196 189 154  74  72 110 178 190 175
 124  91 104 119 137 175 195 195 186 151  75  69 107 176 188 173
 129  89  87  90 106 157 191 192 182 151  71  69 104 174 187 170
 134  83  68  75 103 161 191 190 181 149  68  66 102 175 187 170
 139  97  95  99 112 157 188 189 183 148  66  65 103 178 187 170
 163 165 168 170 171 182 188 188 180 146  64  65 102 178 186 168
 168 176 179 180 182 183 183 182 174 142  58  62 101 173 182 166
 152 162 162 162 164 166 166 166 157 129  55  57  93 160 167 152

